1000
92
51
54
60
17
75
84
60
30
84
42
100
51
14
26
7
84
57
60
18
40
30
29
13
25
50
58
45
8
58
74
18
45
15
80
39
99
56
49
16
1
65
77
15
49
50
11
81
99
43
69
95
77
52
66
27
54
35
57
62
56
62
5
96
29
27
51
40
12
16
12
93
52
20
64
17
31
43
92
61
46
13
66
86
54
28
63
85
6
55
9
68
50
97
71
32
52
77
72
99
68
37
36
47
49
5
94
46
84
1
43
69
65
48
30
9
42
7
80
23
25
21
37
42
66
15
59
99
7
72
40
57
57
2
93
86
72
77
5
51
45
67
42
95
72
37
39
62
9
77
17
54
31
9
8
66
44
26
83
16
48
98
21
77
37
67
59
94
72
38
57
8
99
67
6
2
54
18
65
12
75
52
29
80
98
79
16
10
56
21
57
69
14
59
92
37
68
90
85
38
12
77
65
54
76
60
3
28
96
64
77
95
70
75
18
7
63
36
19
82
89
22
12
74
45
56
60
11
21
51
100
28
84
83
3
70
80
8
21
49
74
34
25
9
25
34
58
26
77
69
11
11
6
29
60
36
36
34
80
15
81
87
37
64
6
69
84
88
32
39
37
49
76
80
73
13
92
49
22
71
19
50
49
77
57
70
65
79
70
36
67
82
3
27
28
95
4
66
78
80
67
100
94
47
30
11
60
68
71
32
90
14
71
84
11
43
56
24
37
57
68
79
28
81
38
45
52
60
22
16
49
57
58
37
52
39
14
36
11
5
50
28
81
22
71
54
1
51
16
91
59
78
67
98
36
1
98
76
87
73
9
50
11
38
37
51
34
19
46
61
57
81
67
13
96
29
93
7
27
19
74
1
6
75
88
18
35
67
81
53
39
77
2
66
75
46
27
71
34
12
59
28
36
2
60
2
84
48
88
14
39
90
87
31
63
14
43
6
41
9
92
85
63
34
12
21
39
37
43
21
1
26
92
27
93
85
38
71
57
84
37
30
74
92
80
76
28
68
83
82
45
41
2
71
97
38
43
5
18
59
11
90
71
94
18
33
95
48
51
83
97
59
70
83
44
10
38
31
73
62
28
3
61
27
54
88
46
58
8
75
52
6
88
68
6
59
4
11
7
26
38
15
34
36
17
69
26
93
77
24
83
34
63
27
66
56
37
55
67
85
38
81
32
9
7
75
96
46
45
98
28
86
84
6
71
38
50
48
3
94
9
29
56
59
55
40
29
27
92
14
5
91
87
5
9
13
80
70
13
24
78
58
1
5
74
61
41
100
57
48
39
71
34
58
42
81
63
30
13
78
65
98
59
83
9
86
74
54
78
52
10
34
38
49
21
37
98
76
4
55
33
45
83
90
59
81
33
27
17
63
15
70
27
68
31
42
14
89
91
52
7
21
99
50
63
95
98
70
10
87
19
27
20
76
62
78
10
19
29
15
33
68
47
7
73
31
53
67
31
23
28
18
8
14
19
11
10
17
97
78
14
2
5
93
59
99
60
11
28
26
48
74
37
51
72
82
5
26
42
38
47
98
54
89
35
57
44
67
66
1
23
60
56
43
84
18
60
53
53
82
64
13
45
74
79
49
76
28
17
95
30
81
9
95
27
87
8
86
29
43
26
53
37
82
70
7
37
64
92
79
90
5
61
26
10
92
10
46
60
29
28
3
68
20
9
19
75
54
72
73
67
83
46
50
97
73
95
43
36
68
10
56
37
91
13
53
64
95
11
83
76
94
13
60
65
78
71
32
10
92
21
56
29
48
95
51
8
24
22
54
16
21
45
12
8
81
61
4
25
41
47
13
83
50
73
17
89
93
50
53
48
88
84
5
13
64
90
98
69
10
98
62
21
10
88
11
91
6
29
12
91
94
80
31
75
47
37
68
82
81
78
25
7
82
48
70
96
28
18
34
62
84
14
19
20
16
39
77
77
46
82
57
14
98
58
28
99
48
96
8
32
66
85
51
19
98
98
99
96
36
24
82
7
62
5
41
84
21
39
36
71
48
51
59
4
95
1
61
67
89
33
67
75
55
85
16
20
4
52
37
28
23
92
58
99
83
51
2
62
57
21
62
73
50
30
84
2
27
7
24
100
68
42
26
62
21
9
8
36
4
23
2
80
44
17
85
97
34
35
28
30
87
86
80
32
68
89
11
6
87
15
15
50
17
45
40
19
31
24
4
36
80
11
72
45
70
29
41
98
81
26
6
62
13
3
40
78
80
46
81
75
65
6
24
92
12
68
18
3
16
65